9.88 7.48 9.66 11.76
3.99 4.78 2.53 5.04
0.67 3.77 2.03 4.48
6.56 8.78 7.12 8.46
2.80 2.88 9.07 10.29
9.91 6.48 3.09 4.19
0.34 6.01 0.27 1.73
3.86 6.50 8.89 10.69
9.64 8.32 0.66 1.64
9.84 7.64 3.17 4.81
5.46 0.46 2.11 4.17
4.69 2.17 0.11 1.55
0.31 0.07 6.57 7.70
2.26 0.36 7.60 8.32
1.09 6.17 3.49 5.87
0.23 4.25 0.48 2.20
0.62 6.18 0.95 2.57
5.09 7.93 2.24 3.26
1.14 7.49 9.44 11.89
1.86 4.35 7.81 9.96
5.93 3.01 4.84 5.24
4.87 4.34 3.47 4.36
4.53 3.41 4.82 6.03
9.02 0.03 3.07 4.51
7.46 0.40 0.46 1.50
7.51 6.68 4.93 7.38
0.28 7.15 7.10 8.75
6.15 3.46 1.03 2.68
2.40 5.00 6.50 8.24
3.65 1.04 9.10 10.04
0.78 6.07 4.54 5.77
8.62 9.39 2.26 3.62
3.10 3.43 3.85 5.53
1.74 6.94 8.72 10.35
6.18 1.87 5.18 6.09
5.05 2.76 3.97 5.24
8.26 7.67 7.56 9.05
9.82 3.72 8.58 10.79
5.34 9.40 5.69 7.77
7.25 2.38 6.96 7.26
1.72 7.03 0.15 1.09
2.01 5.49 3.80 4.64
1.21 2.69 7.64 8.93
6.40 8.19 4.80 6.03
9.94 7.71 8.55 9.87
4.42 7.46 0.96 2.71
4.21 2.38 5.47 6.88
6.80 1.79 3.87 5.58
0.71 8.90 8.11 9.60
6.64 9.73 9.33 11.48
6.54 8.20 8.95 10.58
8.77 5.77 7.31 9.58
1.04 2.85 6.92 8.66
9.20 3.37 1.39 2.85
7.33 0.81 3.02 4.30
3.96 0.57 2.35 3.97
1.19 9.95 2.69 4.78
8.47 9.87 8.83 10.26
4.98 2.39 8.38 10.70
9.56 2.41 0.95 3.11
3.23 2.20 8.12 9.05
2.48 0.18 8.02 9.94
9.19 3.99 2.60 3.95
1.54 2.36 0.82 1.64
2.58 8.56 9.35 10.82
3.47 4.14 3.37 4.91
7.00 1.23 6.42 7.96
7.14 6.41 1.16 3.91
3.97 1.38 2.67 4.29
7.52 5.51 1.61 2.54
2.12 9.44 6.10 8.15
4.30 7.16 8.97 10.24
6.44 9.00 8.87 10.34
8.29 4.77 8.17 9.64
2.91 6.30 1.09 1.83
8.25 5.75 6.26 8.34
4.55 2.44 2.68 4.47
4.94 2.49 2.73 5.09
7.08 6.59 4.92 6.13
0.60 0.65 9.07 10.31
4.88 8.46 2.99 4.02
9.97 1.50 1.14 2.10
3.01 4.64 4.28 6.19
6.65 8.69 3.34 4.60
4.28 6.35 9.23 11.25
3.20 5.42 7.00 8.35
6.98 0.85 8.08 9.63
7.44 8.36 5.69 6.66
5.73 2.01 9.45 11.22
6.94 7.21 0.15 0.42
7.06 9.16 2.87 5.19
4.30 8.85 9.49 10.74
7.54 0.14 1.71 3.48
4.36 4.08 2.68 4.54
2.98 9.38 3.95 5.61
5.95 4.40 3.94 5.86
4.81 5.81 3.07 4.06
1.61 6.69 4.45 5.26
6.58 9.70 5.56 6.29
9.29 2.41 0.45 2.12
